0000000001
000000E801
0000000001
000800E801
0000000001
001000E801
0000000001
001800E801
00391F2001
0029082201
000201A001
FFE1182201
000200A001
003000EA01
004000F201
003000C001
0000000001
FFF0012101
000000A101
FFE1082241
004800E201
004000C001
004FFF2001
FFE1082201
005000E201
0052022001
002000E201
00791F2001
0069082201
000204A001
FFE1182201
000203A001
007000EA01
008000F201
007000C001
0000000001
FFF0012101
000000A101
FFE1082241
004800E201
008000C001
004FFF2001
FFE1082201
005000E201
0052052001
006000E201
0002062001
0012072201
0000000001
008800E201
000A082001
001A092201
0000000001
009000E201
0021082001
FF28000201
0061082001
FF30000201
008A0A2001
0000000001
00B800E201
00CA0D2001
00C20F2201
00BA0B2201
00B20C2201
00AA0E2201
0000000001
00D000E201
00E2122001
00DA142201
00D2102201
00CA112201
00C2132201
0000000001
00E800E201
009800E201
0089082001
0000000001
010000E201
0112172001
010A192201
0102152201
00FA162201
00F2182201
0000000001
011800E201
012A1C2001
01221E2201
011A1A2201
01121B2201
010A1D2201
0000000001
013000E201
00A000E201
00921F2001
0000000001
015800E201
016A222001
0162242201
015A202201
0152212201
014A232201
0000000001
017000E201
0182272001
017A292201
0172252201
016A262201
0162282201
0000000001
018800E201
013800E201
0091082001
0000000001
01A000E201
01B22C2001
01AA2E2201
01A22A2201
019A2B2201
01922D2201
0000000001
01B800E201
01CA312001
01C2332201
01BA2F2201
01B2302201
01AA322201
0000000001
01D000E201
014000E201
0099082001
FF70000201
00A1082001
FF78000201
0139082001
FF80000201
0141082001
FF68000201
0000000001
0000000001
0000000001
0000000001
0000000001
0000000001
0000000001
0000000001
0000000001
0000000001
0000000001
0000000001
0000000001
0000000001
0000000001
0000000001
0000000001
0000000001
0000000001
0000000001
0000000001
0000000001
0000000001
0000000001
0000000001
0000000001
0000000001
0000000001
0000000001
0000000001
0000000001
0000000001
0000000001
0000000001
0000000001
0000000001
0000000001
0000000001
0000000001
0000000001
0000000001
0000000001
0000000001
0000000001
0000000001
0000000001
0000000001
0000000001
0000000001
0000000001
0000000001
0000000001
0000000001
0000000001
0000000001
0000000001
0000000001
0000000001
0000000001
0000000001
0000000001
0000000001
0000000001
0000000001
0000000001
0000000001
0000000001
0000000001
0000000001
0000000001
0000000001
0000000001
0000000001
0000000001
0000000001
0000000001
0000000001
0000000001
0000000001
0000000001
0000000001
0000000001
0000000001
0000000001
0000000001
0000000001
0000000001
0000000001
0000000001
0000000001
0000000001
0000000001
0000000001
0000000001
0000000001
0000000001
0000000001
0000000001
0000000001
0000000001
0000000001
0000000001
0000000001
0000000001
0000000001
0000000001
0000000001
0000000001
0000000001
0000000001
0000000001
0000000001
0000000001
0000000001
0000000001
0000000001
0000000001
0000000001
0000000001
0000000001
0000000001
0000000001
0000000001
0000000001
0000000001
0000000001
0000000001
0000000001
0000000001
0000000001
0000000001
0000000001
0000000001
0000000001
0000000001
0000000001
0000000001
0000000001
0000000001
0000000001
0000000001
0000000001
0000000001
0000000001
0000000001
0000000001
0000000001
0000000001
0000000001
0000000001
0000000001
0000000001
0000000001
0000000001
0000000001
0000000001
0000000001
0000000001
0000000001
0000000001
0000000001
0000000001
0000000001
0000000001
0000000001
0000000001
0000000001
0000000001
0000000001
0000000001
0000000001
0000000001
0000000001
0000000001
0000000001
0000000001
0000000001
0000000001
0000000001
0000000001
0000000001
0000000001
0000000001
0000000001
0000000001
0000000001
0000000001
0000000001
0000000001
0000000001
0000000001
0000000001
0000000001
0000000001
0000000001
0000000001
0000000001
0000000001
0000000001
0000000001
0000000001
0000000001
0000000001
0000000001
0000000001
0000000001
0000000001
0000000001
0000000001
0000000001
0000000001
0000000001
0000000001
0000000001
0000000001
0000000001
0000000001
0000000001
0000000001
0000000001
0000000001
0000000001
0000000001
0000000001
0000000001
0000000001
0000000001
0000000001
0000000001
0000000001
0000000001
0000000001
0000000001
0000000001
0000000001
0000000001
0000000001
0000000001
0000000001
0000000001
0000000001
0000000001
0000000001
0000000001
0000000001
0000000001
0000000001
0000000001
0000000001
0000000001
0000000001
0000000001
0000000001
0000000001
0000000001
0000000001
0000000001
0000000001
0000000001
0000000001
0000000001
0000000001
0000000001
0000000001
0000000001
0000000001
0000000001
0000000001
0000000001
0000000001
0000000001
0000000001
0000000001
0000000001
0000000001
0000000001
0000000001
0000000001
0000000001
0000000001
0000000001
0000000001
0000000001
0000000001
0000000001
0000000001
0000000001
0000000001
0000000001
0000000001
0000000001
0000000001
0000000001
0000000001
0000000001
0000000001
0000000001
0000000001
0000000001
0000000001
0000000001
0000000001
0000000001
0000000001
0000000001
0000000001
0000000001
0000000001
0000000001
0000000001
0000000001
0000000001
0000000001
0000000001
0000000001
0000000001
0000000001
0000000001
0000000001
0000000001
0000000001
0000000001
0000000001
0000000001
0000000001
0000000001
0000000001
0000000001
0000000001
0000000001
0000000001
0000000001
0000000001
0000000001
0000000001
0000000001
0000000001
0000000001
0000000001
0000000001
0000000001
0000000001
0000000001
0000000001
0000000001
0000000001
0000000001
0000000001
0000000001
0000000001
0000000001
0000000001
0000000001
0000000001
0000000001
0000000001
0000000001
0000000001
0000000001
0000000001
0000000001
0000000001
0000000001
0000000001
0000000001
0000000001
0000000001
0000000001
0000000001
0000000001
0000000001
0000000001
0000000001
0000000001
0000000001
0000000001
0000000001
0000000001
0000000001
0000000001
0000000001
0000000001
0000000001
0000000001
0000000001
0000000001
0000000001
0000000001
0000000001
0000000001
0000000001
0000000001
0000000001
0000000001
0000000001
0000000001
0000000001
0000000001
0000000001
0000000001
0000000001
0000000001
0000000001
0000000001
0000000001
0000000001
0000000001
0000000001
0000000001
0000000001
0000000001
0000000001
0000000001
0000000001
0000000001
0000000001
0000000001
0000000001
0000000001
0000000001
0000000001
0000000001
0000000001
0000000001
0000000001
0000000001
0000000001
0000000001
0000000001
0000000001
0000000001
0000000001
0000000001
0000000001
0000000001
0000000001
0000000001
0000000001
0000000001
0000000001
0000000001
0000000001
0000000001
0000000001
0000000001
0000000001
0000000001
0000000001
0000000001
0000000001
0000000001
0000000001
0000000001
0000000001
0000000001
0000000001
0000000001
0000000001
0000000001
0000000001
0000000001
0000000001
0000000001
0000000001
0000000001
0000000001
0000000001
0000000001
0000000001
0000000001
0000000001
0000000001
0000000001
0000000001
0000000001
0000000001
0000000001
0000000001
0000000001
0000000001
0000000001
0000000001
0000000001
0000000001
0000000001
0000000001
0000000001
0000000001
0000000001
0000000001
0000000001
0000000001
0000000001
0000000001
0000000001
0000000001
0000000001
0000000001
0000000001
0000000001
0000000001
0000000001
0000000001
0000000001
0000000001
0000000001
0000000001
0000000001
0000000001
0000000001
0000000001
0000000001
0000000001
0000000001
0000000001
0000000001
0000000001
0000000001
0000000001
0000000001
0000000001
0000000001
0000000001
0000000001
0000000001
0000000001
0000000001
0000000001
0000000001
0000000001
0000000001
0000000001
0000000001
0000000001
0000000001
0000000001
0000000001
0000000001
0000000001
0000000001
0000000001
0000000001
0000000001
0000000001
0000000001
0000000001
0000000001
0000000001
0000000001
0000000001
0000000001
0000000001
0000000001
0000000001
0000000001
0000000001
0000000001
0000000001
0000000001
0000000001
0000000001
0000000001
0000000001
0000000001
0000000001
0000000001
0000000001
0000000001
0000000001
0000000001
0000000001
0000000001
0000000001
0000000001
0000000001
0000000001
0000000001
0000000001
0000000001
0000000001
0000000001
0000000001
0000000001
0000000001
0000000001
0000000001
0000000001
0000000001
0000000001
0000000001
0000000001
0000000001
0000000001
0000000001
0000000001
0000000001
0000000001
0000000001
0000000001
0000000001
0000000001
0000000001
0000000001
0000000001
0000000001
0000000001
0000000001
0000000001
0000000001
0000000001
0000000001
0000000001
0000000001
0000000001
0000000001
0000000001
0000000001
0000000001
0000000001
0000000001
0000000001
0000000001
0000000001
0000000001
0000000001
0000000001
0000000001
0000000001
0000000001
0000000001
0000000001
0000000001
0000000001
0000000001
0000000001
0000000001
0000000001
0000000001
0000000001
0000000001
0000000001
0000000001
0000000001
0000000001
0000000001
0000000001
0000000001
0000000001
0000000001
0000000001
0000000001
0000000001
0000000001
0000000001
0000000001
0000000001
0000000001
0000000001
0000000001
0000000001
0000000001
0000000001
0000000001
0000000001
0000000001
0000000001
0000000001
0000000001
0000000001
0000000001
0000000001
0000000001
0000000001
0000000001
0000000001
0000000001
0000000001
0000000001
0000000001
0000000001
0000000001
0000000001
0000000001
0000000001
0000000001
0000000001
0000000001
0000000001
0000000001
0000000001
0000000001
0000000001
0000000001
0000000001
0000000001
0000000001
0000000001
0000000001
0000000001
0000000001
0000000001
0000000001
0000000001
0000000001
0000000001
0000000001
0000000001
0000000001
0000000001
0000000001
0000000001
0000000001
0000000001
0000000001
0000000001
0000000001
0000000001
0000000001
0000000001
0000000001
0000000001
0000000001
0000000001
0000000001
0000000001
0000000001
0000000001
0000000001
0000000001
0000000001
0000000001
0000000001
0000000001
0000000001
0000000001
0000000001
0000000001
0000000001
0000000001
0000000001
0000000001
0000000001
0000000001
0000000001
0000000001
0000000001
0000000001
0000000001
0000000001
0000000001
0000000001
0000000001
0000000001
0000000001
0000000001
0000000001
0000000001
0000000001
0000000001
0000000001
0000000001
0000000001
0000000001
0000000001
0000000001
0000000001
0000000001
0000000001
0000000001
0000000001
0000000001
0000000001
0000000001
0000000001
0000000001
0000000001
0000000001
0000000001
0000000001
0000000001
0000000001
0000000001
0000000001
0000000001
0000000001
0000000001
0000000001
0000000001
0000000001
0000000001
0000000001
0000000001
0000000001
0000000001
0000000001
0000000001
0000000001
0000000001
0000000001
0000000001
0000000001
0000000001
0000000001
0000000001
0000000001
0000000001
0000000001
0000000001
0000000001
0000000001
0000000001
0000000001
0000000001
0000000001
0000000001
0000000001
0000000001
0000000001
0000000001
0000000001
0000000001
0000000001
0000000001
0000000001
0000000001
0000000001
0000000001
0000000001
0000000001
0000000001
0000000001
0000000001
0000000001
0000000001
0000000001
0000000001
0000000001
0000000001
0000000001
0000000001
0000000001
0000000001
0000000001
0000000001
0000000001
0000000001
0000000001
0000000001
0000000001
0000000001
0000000001
0000000001
0000000001
0000000001
0000000001
0000000001
0000000001
0000000001
0000000001
0000000001
0000000001
0000000001
0000000001
0000000001
0000000001
0000000001
0000000001
0000000001
0000000001
0000000001
0000000001
0000000001
0000000001
0000000001
0000000001
0000000001
0000000001
0000000001
0000000001
0000000001
0000000001
0000000001
0000000001
0000000001
0000000001
0000000001
